1.76400000	-0.00197385	-0.00087361	0.00063210	0.00047379
1.76500000	-0.00339558	-0.00087361	0.00047379	0.00031644
1.76600000	-0.00260573	-0.00118949	0.00031644	0.00000077
1.76700000	-0.00228979	-0.00103155	0.00047379	0.00047379
1.76800000	-0.00228979	-0.00071567	0.00047379	0.00047379
1.76900000	-0.00355355	-0.00134743	0.00047379	0.00047379
1.77000000	-0.00213182	-0.00087361	0.00047379	0.00015813
1.77100000	-0.00323761	-0.00103155	0.00047379	0.00047379
1.77200000	-0.00260573	-0.00118949	0.00031644	0.00000077
1.77300000	-0.00292167	-0.00087361	0.00031644	0.00031644
1.77400000	-0.00276370	-0.00024185	0.00047379	0.00047379
1.77500000	-0.00292167	-0.00118949	0.00063210	0.00031644
1.77600000	-0.00228979	-0.00118949	0.00031644	0.00031644
1.77700000	-0.00260573	-0.00103155	0.00031644	0.00015813
1.77800000	-0.00260573	-0.00087361	0.00015813	0.00031644
1.77900000	-0.00244776	-0.00055773	0.00047379	0.00047379
1.78000000	-0.00276370	-0.00103155	0.00047379	0.00078946
1.78100000	-0.00276370	-0.00087361	0.00031644	0.00063210
1.78200000	-0.00307964	-0.00134743	0.00015813	0.00047379
1.78300000	-0.00307964	-0.00103155	0.00047379	0.00031644
1.78400000	-0.00276370	-0.00103155	0.00031644	0.00031644
1.78500000	-0.00260573	-0.00103155	0.00031644	0.00031644
1.78600000	-0.00339558	-0.00071567	0.00047379	0.00063210
1.78700000	-0.00260573	-0.00103155	0.00078946	0.00031644
1.78800000	-0.00307964	-0.00087361	0.00047379	0.00047379
1.78900000	-0.00307964	-0.00118949	0.00047379	0.00031644
1.79000000	-0.00244776	-0.00103155	0.00047379	0.00063210
1.79100000	-0.00292167	-0.00103155	0.00031644	0.00047379
1.79200000	-0.00323761	-0.00087361	0.00063210	0.00031644
1.79300000	-0.00323761	-0.00087361	0.00063210	0.00031644
1.79400000	-0.00355355	-0.00103155	0.00047379	0.00031644
1.79500000	-0.00244776	-0.00071567	0.00031644	0.00047379
1.79600000	-0.00213182	-0.00055773	0.00063210	0.00031644
1.79700000	-0.00292167	-0.00087361	0.00047379	0.00063210
1.79800000	-0.00244776	-0.00150537	0.00031644	0.00031644
1.79900000	-0.00228979	-0.00150537	0.00047379	0.00063210
1.80000000	-0.00276370	-0.00087361	0.00015813	0.00047379
1.80100000	-0.00213182	-0.00055773	0.00015813	0.00047379
1.80200000	-0.00276370	-0.00071567	0.00031644	0.00047379
1.80300000	-0.00228979	-0.00071567	0.00047379	0.00031644
1.80400000	-0.00244776	-0.00071567	0.00031644	0.00063210
1.80500000	-0.00276370	-0.00087361	0.00047379	0.00031644
1.80600000	-0.00228979	-0.00103155	0.00015813	0.00047379
1.80700000	-0.00276370	-0.00071567	0.00031644	0.00047379
1.80800000	-0.00228979	-0.00071567	0.00031644	0.00047379
1.80900000	-0.00197385	-0.00087361	0.00047379	0.00047379
1.81000000	-0.00244776	-0.00087361	0.00047379	0.00047379
1.81100000	-0.00323761	-0.00087361	0.00047379	0.00063210
1.81200000	-0.00228979	-0.00071567	0.00047379	0.00063210
1.81300000	-0.00276370	-0.00071567	0.00000077	0.00031644
1.81400000	-0.00307964	-0.00103155	0.00047379	0.00031644
1.81500000	-0.00292167	-0.00087361	0.00031644	0.00063210
1.81600000	-0.00260573	-0.00103155	0.00031644	0.00047379
1.81700000	-0.00276370	-0.00087361	0.00015813	0.00063210
1.81800000	-0.00276370	-0.00118949	0.00063210	0.00063210
1.81900000	-0.00307964	-0.00103155	0.00047379	0.00031644
1.82000000	-0.00260573	-0.00071567	0.00015813	0.00047379
1.82100000	-0.00260573	-0.00087361	0.00047379	0.00031644
1.82200000	-0.00276370	-0.00134743	0.00047379	0.00063210
1.82300000	-0.00292167	-0.00087361	0.00015813	0.00031644
1.82400000	-0.00386949	-0.00087361	0.00047379	0.00015813
1.82500000	-0.00244776	-0.00118949	0.00031644	0.00047379
1.82600000	-0.00228979	-0.00071567	0.00015813	0.00031644
1.82700000	-0.00181588	-0.00055773	0.00015813	0.00031644
1.82800000	-0.00323761	-0.00024185	0.00063210	0.00047379
1.82900000	-0.00323761	-0.00150537	0.00015813	0.00015813
1.83000000	-0.00260573	-0.00087361	0.00047379	0.00047379
1.83100000	-0.00244776	-0.00039979	0.00015813	0.00047379
1.83200000	-0.00276370	-0.00039979	0.00015813	0.00031644
1.83300000	-0.00323761	-0.00071567	0.00031644	0.00031644
1.83400000	-0.00228979	-0.00087361	0.00031644	0.00031644
1.83500000	-0.00276370	-0.00118949	0.00047379	0.00015813
1.83600000	-0.00339558	-0.00118949	0.00031644	0.00063210
1.83700000	-0.00213182	-0.00118949	0.00015813	0.00047379
1.83800000	-0.00323761	-0.00118949	0.00047379	0.00031644
1.83900000	-0.00244776	-0.00087361	0.00047379	0.00047379
1.84000000	-0.00292167	-0.00118949	0.00031644	0.00031644
1.84100000	-0.00307964	-0.00087361	0.00078946	0.00031644
1.84200000	-0.00292167	-0.00103155	0.00047379	0.00031644
1.84300000	-0.00307964	-0.00071567	0.00031644	0.00031644
1.84400000	-0.00260573	-0.00071567	0.00047379	0.00031644
1.84500000	-0.00276370	-0.00118949	0.00047379	0.00015813
1.84600000	-0.00307964	-0.00103155	0.00063210	0.00031644
1.84700000	-0.00228979	-0.00071567	0.00031644	0.00047379
1.84800000	-0.00292167	-0.00166331	0.00047379	0.00063210
1.84900000	-0.00260573	-0.00150537	0.00031644	0.00031644
1.85000000	-0.00244776	-0.00071567	0.00063210	0.00031644
1.85100000	-0.00244776	-0.00103155	0.00047379	0.00031644
1.85200000	-0.00244776	-0.00103155	0.00047379	0.00015813
1.85300000	-0.00260573	-0.00103155	0.00015813	0.00031644
1.85400000	-0.00244776	-0.00071567	0.00031644	0.00047379
1.85500000	-0.00276370	-0.00103155	0.00063210	0.00047379
1.85600000	-0.00197385	-0.00087361	0.00063210	0.00047379
1.85700000	-0.00260573	-0.00150537	0.00031644	0.00047379
1.85800000	-0.00228979	-0.00118949	0.00047379	0.00063210
1.85900000	-0.00260573	-0.00087361	0.00047379	0.00047379
1.86000000	-0.00292167	-0.00103155	0.00047379	0.00031644
1.86100000	-0.00244776	-0.00103155	0.00031644	0.00015813
1.86200000	-0.00260573	-0.00150537	0.00031644	0.00031644
1.86300000	-0.00292167	-0.00134743	0.00031644	0.00063210
1.86400000	-0.00260573	-0.00118949	0.00047379	0.00015813
1.86500000	-0.00213182	-0.00103155	0.00031644	0.00047379
1.86600000	-0.00276370	-0.00103155	0.00047379	0.00031644
1.86700000	-0.00292167	-0.00134743	0.00031644	0.00015813
1.86800000	-0.00260573	-0.00039979	0.00047379	0.00063210
1.86900000	-0.00276370	-0.00071567	0.00015813	0.00047379
1.87000000	-0.00197385	-0.00134743	0.00063210	0.00047379
1.87100000	-0.00260573	-0.00103155	0.00047379	0.00063210
1.87200000	-0.00292167	-0.00103155	0.00031644	0.00015813
1.87300000	-0.00228979	-0.00134743	0.00015813	0.00047379
1.87400000	-0.00213182	-0.00071567	0.00063210	0.00047379
1.87500000	-0.00213182	-0.00087361	0.00015813	0.00031644
1.87600000	-0.00292167	-0.00103155	0.00031644	0.00063210
1.87700000	-0.00355355	-0.00118949	0.00047379	0.00047379
1.87800000	-0.00260573	-0.00103155	0.00047379	0.00015813
1.87900000	-0.00260573	-0.00103155	0.00063210	0.00031644
1.88000000	-0.00228979	-0.00103155	0.00015813	0.00047379
1.88100000	-0.00307964	-0.00087361	0.00063210	0.00031644
1.88200000	-0.00307964	-0.00118949	0.00047379	0.00031644
1.88300000	-0.00307964	-0.00134743	0.00063210	0.00047379
1.88400000	-0.00307964	-0.00103155	0.00047379	0.00031644
1.88500000	-0.00276370	-0.00118949	0.00015813	0.00031644
1.88600000	-0.00292167	-0.00103155	0.00078946	0.00047379
1.88700000	-0.00292167	-0.00150537	0.00047379	0.00015813
1.88800000	-0.00276370	-0.00103155	0.00047379	0.00063210
1.88900000	-0.00228979	-0.00071567	0.00031644	0.00031644
1.89000000	-0.00228979	-0.00103155	0.00031644	0.00047379
1.89100000	-0.00323761	-0.00087361	0.00063210	0.00031644
1.89200000	-0.00323761	-0.00150537	0.00015813	0.00047379
1.89300000	-0.00260573	-0.00118949	0.00047379	0.00047379
1.89400000	-0.00213182	-0.00103155	0.00031644	0.00047379
1.89500000	-0.00323761	-0.00118949	0.00015813	0.00063210
1.89600000	-0.00292167	-0.00087361	0.00031644	0.00063210
1.89700000	-0.00260573	-0.00134743	0.00063210	0.00047379
1.89800000	-0.00292167	-0.00150537	0.00015813	0.00047379
1.89900000	-0.00323761	-0.00103155	0.00063210	0.00063210
1.90000000	-0.00244776	-0.00150537	0.00031644	0.00047379
1.90100000	-0.00228979	-0.00087361	0.00063210	0.00031644
1.90200000	-0.00228979	-0.00039979	0.00031644	0.00047379
1.90300000	-0.00260573	-0.00118949	0.00031644	0.00047379
1.90400000	-0.00292167	-0.00071567	0.00063210	0.00047379
1.90500000	-0.00260573	-0.00118949	0.00031644	0.00031644
1.90600000	-0.00307964	-0.00134743	0.00031644	0.00047379
1.90700000	-0.00228979	-0.00087361	0.00063210	0.00031644
1.90800000	-0.00292167	-0.00087361	0.00031644	0.00047379
1.90900000	-0.00260573	-0.00055773	0.00063210	0.00015813
1.91000000	-0.00276370	-0.00103155	0.00015813	0.00047379
1.91100000	-0.00292167	-0.00087361	0.00031644	0.00031644
1.91200000	-0.00260573	-0.00087361	0.00031644	0.00047379
1.91300000	-0.00276370	-0.00071567	0.00047379	0.00031644
1.91400000	-0.00260573	-0.00071567	0.00047379	0.00031644
1.91500000	-0.00244776	-0.00103155	0.00063210	0.00031644
1.91600000	-0.00228979	-0.00118949	0.00031644	0.00063210
1.91700000	-0.00197385	-0.00134743	0.00015813	0.00031644
1.91800000	-0.00323761	-0.00118949	0.00047379	0.00031644
1.91900000	-0.00260573	-0.00118949	0.00031644	0.00031644
1.92000000	-0.00244776	-0.00055773	0.00047379	0.00047379
1.92100000	-0.00244776	-0.00134743	0.00047379	0.00047379
1.92200000	-0.00260573	-0.00071567	0.00031644	0.00047379
1.92300000	-0.00339558	-0.00024185	0.00047379	0.00063210
1.92400000	-0.00292167	-0.00103155	0.00047379	0.00047379
1.92500000	-0.00260573	-0.00118949	0.00047379	0.00031644
1.92600000	-0.00228979	-0.00087361	0.00031644	0.00031644
1.92700000	-0.00228979	-0.00134743	0.00015813	0.00063210
1.92800000	-0.00260573	-0.00087361	0.00047379	0.00047379
1.92900000	-0.00244776	-0.00071567	0.00031644	0.00015813
1.93000000	-0.00197385	-0.00103155	0.00031644	0.00031644
1.93100000	-0.00213182	-0.00134743	0.00031644	0.00047379
1.93200000	-0.00276370	-0.00087361	0.00015813	0.00047379
1.93300000	-0.00323761	-0.00087361	0.00047379	0.00015813
1.93400000	-0.00260573	-0.00055773	0.00047379	0.00047379
1.93500000	-0.00307964	-0.00087361	0.00015813	0.00031644
1.93600000	-0.00292167	-0.00118949	0.00015813	0.00047379
1.93700000	-0.00323761	-0.00103155	0.00031644	0.00063210
1.93800000	-0.00276370	-0.00087361	0.00031644	0.00047379
1.93900000	-0.00276370	-0.00182125	0.00047379	0.00047379
1.94000000	-0.00181588	-0.00134743	0.00047379	0.00031644
1.94100000	-0.00292167	-0.00150537	0.00063210	0.00031644
1.94200000	-0.00244776	-0.00103155	0.00047379	0.00047379
1.94300000	-0.00276370	-0.00118949	0.00063210	0.00047379
1.94400000	-0.00260573	-0.00118949	0.00047379	0.00063210
1.94500000	-0.00228979	-0.00103155	0.00047379	0.00063210
1.94600000	-0.00276370	-0.00087361	0.00047379	0.00015813
1.94700000	-0.00228979	-0.00134743	0.00047379	0.00031644
1.94800000	-0.00260573	-0.00071567	0.00031644	0.00031644
1.94900000	-0.00244776	-0.00071567	0.00047379	0.00031644
1.95000000	-0.00276370	-0.00103155	0.00047379	0.00015813
1.95100000	-0.00292167	-0.00118949	0.00031644	0.00031644
1.95200000	-0.00323761	-0.00118949	0.00015813	0.00047379
1.95300000	-0.00228979	-0.00087361	0.00015813	0.00047379
1.95400000	-0.00323761	-0.00103155	0.00031644	0.00063210
1.95500000	-0.00260573	-0.00071567	0.00031644	0.00015813
1.95600000	-0.00276370	-0.00150537	0.00047379	0.00063210
1.95700000	-0.00307964	-0.00134743	0.00031644	0.00047379
1.95800000	-0.00371152	-0.00071567	0.00063210	0.00031644
1.95900000	-0.00244776	-0.00103155	0.00031644	0.00063210
1.96000000	-0.00260573	-0.00087361	0.00047379	0.00031644
1.96100000	-0.00292167	-0.00118949	0.00063210	0.00047379
1.96200000	-0.00292167	-0.00118949	0.00031644	0.00031644
1.96300000	-0.00292167	-0.00071567	0.00031644	0.00047379
1.96400000	-0.00355355	-0.00087361	0.00063210	0.00063210
1.96500000	-0.00276370	-0.00118949	0.00031644	0.00047379
1.96600000	-0.00197385	-0.00087361	0.00063210	0.00047379
1.96700000	-0.00292167	-0.00071567	0.00015813	0.00047379
1.96800000	-0.00260573	-0.00103155	0.00047379	0.00047379
1.96900000	-0.00292167	-0.00118949	0.00031644	0.00063210
1.97000000	-0.00276370	-0.00087361	0.00015813	0.00015813
1.97100000	-0.00228979	-0.00103155	0.00063210	0.00015813
1.97200000	-0.00276370	-0.00134743	0.00031644	0.00047379
1.97300000	-0.00276370	-0.00118949	0.00031644	0.00031644
1.97400000	-0.00276370	-0.00118949	0.00015813	0.00047379
1.97500000	-0.00165791	-0.00134743	0.00047379	0.00015813
1.97600000	-0.00260573	-0.00087361	0.00031644	0.00031644
1.97700000	-0.00339558	-0.00150537	0.00015813	0.00031644
1.97800000	-0.00355355	-0.00071567	0.00047379	0.00047379
1.97900000	-0.00197385	-0.00024185	0.00031644	0.00047379
1.98000000	-0.00276370	-0.00103155	0.00063210	0.00063210
1.98100000	-0.00276370	-0.00118949	0.00047379	0.00047379
1.98200000	-0.00307964	-0.00103155	0.00015813	0.00047379
1.98300000	-0.00292167	-0.00087361	0.00031644	0.00031644
1.98400000	-0.00213182	-0.00087361	0.00047379	0.00047379
1.98500000	-0.00244776	-0.00103155	0.00015813	0.00031644
1.98600000	-0.00260573	-0.00118949	0.00031644	0.00031644
1.98700000	-0.00276370	-0.00118949	0.00031644	0.00031644
1.98800000	-0.00244776	-0.00087361	0.00063210	0.00047379
1.98900000	-0.00276370	-0.00087361	0.00078946	0.00031644
1.99000000	-0.00228979	-0.00055773	0.00063210	0.00047379
1.99100000	-0.00213182	-0.00103155	0.00047379	0.00047379
1.99200000	-0.00307964	-0.00087361	0.00047379	0.00047379
1.99300000	-0.00244776	-0.00150537	0.00047379	0.00031644
